26955
60742
68326
96769
89211
81184
20557
693
31431
3572
45512
75111
36593
51104
77331
61701
1458
38886
47400
92296
51685
60127
13253
79815
80798
78327
62006
36282
35036
99685
97079
98270
51682
2199
94323
53842
92212
14734
66115
10154
66102
8484
35744
75719
90985
15544
13506
39049
44398
34395
88427
79828
51416
15325
70794
86983
21035
77980
28359
69963
3393
15716
74035
85511
58929
80690
57631
99022
85174
40732
7603
53283
15594
30588
79392
98434
70299
5179
93271
48120
2655
38077
69094
91692
48447
48584
66271
27377
95266
6372
35466
8152
18050
20663
4704
67489
16462
56378
70742
63313
67566
7281
45838
31175
9623
28941
24534
42380
1746
72954
3529
52167
10809
20596
65042
13966
10489
6230
37089
2897
71680
29971
73379
34595
2822
78129
77877
36632
60317
73904
64642
38508
32877
69698
3806
20062
45679
30787
82659
9266
33907
45502
32283
38194
37009
3742
85853
38095
25470
62204
7501
87569
23586
4103
33641
35254
32309
3568
21298
39959
45246
575
99338
53116
13587
13573
85592
87530
31191
53569
5166
84639
17952
75167
51407
30245
19037
65849
5087
56361
26760
93914
47001
36455
51021
17559
17336
19073
32635
21561
12585
54221
88963
36820
48388
73470
78623
67777
96045
57983
91605
68153
25129
44670
49140
66413
15901
9099
94791
36585
74547
50045
74019
98110
9043
32069
19921
95752
61652
10716
5922
93942
42263
73839
24880
37765
40998
87948
85179
39085
72342
6054
41343
96566
72694
38851
78786
8240
23295
18553
43766
3544
88392
10913
71811
79200
32836
9734
84532
13795
57687
20273
37813
29435
13423
62446
929
2306
20775
27914
95638
30677
52271
61561
47858
27110
21127
99843
66810
54296
11199
72783
52363
40015
51231
89718
80907
69602
99969
84581
4523
59260
42547
17282
93855
17043
20620
71267
41627
10943
6187
55764
83366
30635
79355
34719
71969
65937
65919
62263
52648
60305
98660
78862
21286
10523
11981
50869
98869
55936
79006
53310
68530
7787
46221
15705
73021
28881
19845
18861
6920
14339
77401
59155
91728
12918
44943
24103
43932
81809
2457
99439
75808
39543
12048
39660
55818
68303
38283
42966
90298
90304
70680
86112
62023
43304
60721
62530
78083
97145
61142
70434
28194
22889
53254
1796
70359
72745
14802
729
91558
51167
20834
8091
44715
78172
87025
31763
18819
20241
30158
16686
1131
61641
80082
79176
35963
29528
43197
20321
51239
4017
37642
22042
48036
58462
35026
36000
37520
68346
27535
52383
10927
54730
65720
18825
48485
14333
53071
45874
53349
42759
42135
42555
83045
66558
33670
22425
92927
5297
47215
54892
83692
51861
19802
96603
43833
92377
81258
33570
93709
99866
87590
84591
66642
25088
98882
91654
36422
87998
69700
68424
79811
6663
24802
77158
11068
21771
30101
48884
94460
94683
55655
88983
44376
54431
58865
40600
57616
78298
42664
17830
7648
60458
39504
28120
67759
97972
26076
39447
66604
94208
73674
76054
69109
77182
51276
43621
18787
30026
24964
48214
65153
76715
64814
89037
12372
3472
60308
79644
13379
44464
10639
72389
72296
22074
33846
33763
40524
72466
24556
29589
66038
3749
98254
12499
63874
99519
89648
31058
71919
50183
68694
34127
34129
11100
9355
96242
41726
25420
17598
66270
92126
11407
41621
1291
60927
21089
65472
11863
91380
30926
4384
81612
63805
99777
62176
84362
27726
17810
14009
42032
89774
69132
19593
57546
67079
90380
15823
35325
38233
87097
75431
51654
52904
54262
64933
18989
75748
63335
16988
83405
34657
73162
90207
34481
25346
98326
22179
4638
35632
80319
73303
72231
75285
81635
25571
50870
49350
7233
45310
81451
78244
82507
23023
40150
68110
65300
95392
17632
66785
84252
66633
46348
13244
62865
57726
56016
91459
57916
63125
5444
70954
11564
10707
68918
74911
46445
36230
63772
44234
44800
32195
10456
56268
30420
86651
54491
81494
46674
70932
39960
81926
33149
97810
41867
35148
99904
80367
44812
50415
33099
9551
29032
36161
28227
47489
47966
45617
74559
20160
85498
89589
56930
8896
1634
28552
7258
37323
47166
62665
10372
37282
55666
97606
92997
34009
68339
76662
4099
57558
86283
17479
21530
48058
41633
79028
67100
69619
90911
491
25655
20265
46861
6424
24458
42807
23574
79916
89446
62722
23457
45488
81460
79104
64206
10974
87489
87033
73263
1731
98321
6179
27064
96563
81135
33122
72406
52929
94042
31366
78432
72367
11270
59632
68827
99668
5001
33494
59340
23014
50242
95805
30767
61630
64427
43134
7377
16965
34428
12448
63237
40705
62986
29737
42715
72438
11014
47465
30143
66608
98588
94635
52278
34454
54984
72300
51365
77220
14779
36800
11526
39096
64299
81587
98451
51124
90157
6460
87700
75962
1309
78904
36683
28142
58669
56470
5643
30470
66160
78992
18880
75732
99598
48224
10926
88368
25421
99387
33600
42100
89969
84478
89085
9200
77871
44059
23320
86761
23265
26626
54339
47355
25896
62942
93862
10356
87562
1534
84459
39676
2119
64159
22560
20434
92083
86323
28870
38539
36221
27413
94230
79940
53966
78398
86866
25027
23290
52551
97501
21779
86552
52642
98047
34080
57974
50054
30123
86802
57331
70903
8570
96908
2691
34636
64022
73750
80992
92387
1283
88929
54828
733
8498
92885
40303
10167
98509
21769
78661
87354
13176
95880
90019
27124
84276
74522
47284
84071
37139
27953
13674
21383
16335
2455
51442
14815
48250
90745
5774
30180
38417
47919
18005
619
21581
15652
23605
95157
11244
50666
45011
79984
33679
37326
85494
58571
10153
7759
83397
70587
77506
11481
32341
48129
70505
40368
53596
67834
96446
57958
31988
84260
33822
29565
90297
56067
28225
26864
11823
23715
42841
44220
28411
21512
54246
30740
66261
88956
60415
92753
5624
40405
99821
3673
13519
712
69155
93049
87424
5488
70136
20233
41053
16443
80024
36317
18703
83302
48824
44847
82725
31928
68479
84593
27450
46378
69333
52512
2811
99125
18596
61644
81948
91039
56082
76967
8868
46127
94576
38213
68095
27449
11990
81603
61342
78980
64772
97055
53247
27131
93198
14322
62038
1158
17335
89471
48890
98517
15959
1292
10233
38911
84390
85889
29476
13425
59066
54083
76670
86924
85461
6065
85356
3106
15287
28030
15645
38003
61108
68991
12509
25125
35037
56471
5965
42369
36591
22905
33557
1397
76610
39142
95120
96474
16028
61008
52500
70442
30159
